# 라이다 높이(1.2m) 장애물. 넓은 가로 프레임 제외, 코너는 L자로 분해.
# 형식: x_min y_min x_max y_max
-0.08 0.05 0.12 3.05
-0.08 0.05 2.92 0.25
-0.08 3.25 0.12 9.25
-0.08 9.25 0.12 15.25
-0.08 15.25 0.12 21.25
-0.08 21.25 0.12 27.25
-0.08 27.25 0.12 30.25
-0.08 30.05 2.92 30.25
0.39 8.55 1.47 12.55
0.39 12.55 1.47 16.55
0.39 16.55 1.47 20.55
0.39 20.55 1.47 24.55
0.43 8.49 1.43 8.61
0.43 12.49 1.43 12.61
0.43 16.49 1.43 16.61
0.43 20.49 1.43 20.61
0.43 24.49 1.43 24.61
0.51 8.71 1.35 12.39
0.51 12.71 1.35 16.39
0.51 16.71 1.35 20.39
0.51 20.71 1.35 24.39
1.19 8.34 1.49 8.53
1.24 24.61 1.54 24.79
3.78 30.13 4.37 30.25
5.2 30.14 5.79 30.26
5.91 29.84 6.45 30.25
9.71 8.55 10.79 12.55
9.71 12.55 10.79 16.55
9.71 16.55 10.79 20.55
9.71 20.55 10.79 24.55
9.75 8.49 10.75 8.61
9.75 12.49 10.75 12.61
9.75 16.49 10.75 16.61
9.75 20.49 10.75 20.61
9.75 24.49 10.75 24.61
9.83 8.71 10.67 12.39
9.83 12.71 10.67 16.39
9.83 16.71 10.67 20.39
9.83 20.71 10.67 24.39
19.46 27.25 19.66 30.25
16.66 30.05 19.66 30.25
19.47 0.05 19.67 3.05
16.67 0.05 19.67 0.25
19.46 3.25 19.66 9.25
19.46 9.25 19.66 15.25
19.46 15.25 19.66 21.25
19.46 21.25 19.66 27.25
